-0	15	0.15	0.01	
-0.06	14.9994	0.299994	0.02	
-0.119998	14.9982	0.449976	0.03	
-0.17999	14.9964	0.59994	0.04	
-0.239976	14.994	0.74988	0.05	
-0.299952	14.991	0.89979	0.06	
-0.359916	14.9874	1.04966	0.07	
-0.419866	14.9832	1.1995	0.08	
-0.479798	14.9784	1.34928	0.09	
-0.539712	14.973	1.49901	0.1	
-0.599604	14.967	1.64868	0.11	
-0.659472	14.9604	1.79828	0.12	
-0.719314	14.9532	1.94782	0.13	
-0.779127	14.9454	2.09727	0.14	
-0.838908	14.937	2.24664	0.15	
-0.898657	14.9281	2.39592	0.16	
-0.958369	14.9185	2.54511	0.17	
-1.01804	14.9083	2.69419	0.18	
-1.07768	14.8975	2.84316	0.19	
-1.13727	14.8861	2.99203	0.2	
-1.19681	14.8742	3.14077	0.21	
-1.25631	14.8616	3.28938	0.22	
-1.31575	14.8485	3.43787	0.23	
-1.37515	14.8347	3.58622	0.24	
-1.43449	14.8204	3.73442	0.25	
-1.49377	14.8054	3.88247	0.26	
-1.55299	14.7899	4.03037	0.27	
-1.61215	14.7738	4.17811	0.28	
-1.67124	14.7571	4.32568	0.29	
-1.73027	14.7398	4.47308	0.3	
-1.78923	14.7219	4.6203	0.31	
-1.84812	14.7034	4.76733	0.32	
-1.90693	14.6843	4.91417	0.33	
-1.96567	14.6647	5.06082	0.34	
-2.02433	14.6444	5.20726	0.35	
-2.08291	14.6236	5.3535	0.36	
-2.1414	14.6022	5.49952	0.37	
-2.19981	14.5802	5.64532	0.38	
-2.25813	14.5576	5.7909	0.39	
-2.31636	14.5344	5.93624	0.4	
-2.3745	14.5107	6.08135	0.41	
-2.43254	14.4864	6.22621	0.42	
-2.49049	14.4615	6.37083	0.43	
-2.54833	14.436	6.51519	0.44	
-2.60608	14.4099	6.65929	0.45	
-2.66371	14.3833	6.80312	0.46	
-2.72125	14.3561	6.94668	0.47	
-2.77867	14.3283	7.08996	0.48	
-2.83599	14.2999	7.23296	0.49	
-2.89318	14.271	7.37567	0.5	
-2.95027	14.2415	7.51809	0.51	
-3.00723	14.2114	7.6602	0.52	
-3.06408	14.1808	7.80201	0.53	
-3.1208	14.1496	7.9435	0.54	
-3.1774	14.1178	8.08468	0.55	
-3.23387	14.0854	8.22554	0.56	
-3.29021	14.0525	8.36606	0.57	
-3.34642	14.0191	8.50625	0.58	
-3.4025	13.9851	8.6461	0.59	
-3.45844	13.9505	8.78561	0.6	
-3.51424	13.9153	8.92476	0.61	
-3.5699	13.8796	9.06356	0.62	
-3.62542	13.8434	9.20199	0.63	
-3.6808	13.8066	9.34006	0.64	
-3.73602	13.7692	9.47775	0.65	
-3.7911	13.7313	9.61506	0.66	
-3.84602	13.6928	9.75199	0.67	
-3.9008	13.6538	9.88853	0.68	
-3.95541	13.6143	10.0247	0.69	
-4.00987	13.5742	10.1604	0.7	
-4.06416	13.5335	10.2957	0.71	
-4.1183	13.4923	10.4307	0.72	
-4.17227	13.4506	10.5652	0.73	
-4.22607	13.4084	10.6993	0.74	
-4.2797	13.3656	10.8329	0.75	
-4.33317	13.3222	10.9661	0.76	
-4.38646	13.2784	11.0989	0.77	
-4.43957	13.234	11.2313	0.78	
-4.4925	13.189	11.3632	0.79	
-4.54526	13.1436	11.4946	0.8	
-4.59784	13.0976	11.6256	0.81	
-4.65023	13.0511	11.7561	0.82	
-4.70243	13.0041	11.8861	0.83	
-4.75445	12.9565	12.0157	0.84	
-4.80627	12.9085	12.1448	0.85	
-4.85791	12.8599	12.2734	0.86	
-4.90935	12.8108	12.4015	0.87	
-4.96059	12.7612	12.5291	0.88	
-5.01163	12.7111	12.6562	0.89	
-5.06248	12.6605	12.7828	0.9	
-5.11312	12.6093	12.9089	0.91	
-5.16356	12.5577	13.0345	0.92	
-5.21379	12.5056	13.1595	0.93	
-5.26381	12.4529	13.2841	0.94	
-5.31362	12.3998	13.4081	0.95	
-5.36322	12.3462	13.5315	0.96	
-5.41261	12.292	13.6544	0.97	
-5.46177	12.2374	13.7768	0.98	
-5.51072	12.1823	13.8986	0.99	
-5.55945	12.1267	14.0199	1	
-5.60796	12.0706	14.1406	1.01	
-5.65624	12.0141	14.2607	1.02	
-5.7043	11.957	14.3803	1.03	
-5.75213	11.8995	14.4993	1.04	
-5.79973	11.8415	14.6177	1.05	
-5.84709	11.783	14.7356	1.06	
-5.89422	11.7241	14.8528	1.07	
-5.94112	11.6647	14.9694	1.08	
-5.98778	11.6048	15.0855	1.09	
-6.0342	11.5445	15.2009	1.1	
-6.08038	11.4837	15.3158	1.11	
-6.12631	11.4224	15.43	1.12	
-6.172	11.3607	15.5436	1.13	
-6.21744	11.2985	15.6566	1.14	
-6.26264	11.2359	15.7689	1.15	
-6.30758	11.1728	15.8807	1.16	
-6.35227	11.1093	15.9918	1.17	
-6.39671	11.0453	16.1022	1.18	
-6.44089	10.9809	16.212	1.19	
-6.48481	10.916	16.3212	1.2	
-6.52848	10.8508	16.4297	1.21	
-6.57188	10.785	16.5376	1.22	
-6.61502	10.7189	16.6447	1.23	
-6.6579	10.6523	16.7513	1.24	
-6.70051	10.5853	16.8571	1.25	
-6.74285	10.5179	16.9623	1.26	
-6.78492	10.45	17.0668	1.27	
-6.82672	10.3818	17.1706	1.28	
-6.86825	10.3131	17.2737	1.29	
-6.9095	10.244	17.3762	1.3	
-6.95047	10.1745	17.4779	1.31	
-6.99117	10.1046	17.579	1.32	
-7.03159	10.0343	17.6793	1.33	
-7.07173	9.96354	17.779	1.34	
-7.11158	9.89242	17.8779	1.35	
-7.15115	9.82091	17.9761	1.36	
-7.19043	9.74901	18.0736	1.37	
-7.22943	9.67671	18.1703	1.38	
-7.26814	9.60403	18.2664	1.39	
-7.30655	9.53097	18.3617	1.4	
-7.34468	9.45752	18.4563	1.41	
-7.38251	9.38369	18.5501	1.42	
-7.42004	9.30949	18.6432	1.43	
-7.45728	9.23492	18.7355	1.44	
-7.49422	9.15998	18.8271	1.45	
-7.53086	9.08467	18.918	1.46	
-7.5672	9.009	19.0081	1.47	
-7.60323	8.93297	19.0974	1.48	
-7.63897	8.85658	19.186	1.49	
-7.67439	8.77983	19.2738	1.5	
-7.70951	8.70274	19.3608	1.51	
-7.74432	8.62529	19.4471	1.52	
-7.77882	8.54751	19.5325	1.53	
-7.81301	8.46938	19.6172	1.54	
-7.84689	8.39091	19.7011	1.55	
-7.88045	8.3121	19.7843	1.56	
-7.9137	8.23297	19.8666	1.57	
-7.94664	8.1535	19.9481	1.58	
-7.97925	8.07371	20.0289	1.59	
-8.01154	7.99359	20.1088	1.6	
-8.04352	7.91316	20.1879	1.61	
-8.07517	7.8324	20.2663	1.62	
-8.1065	7.75134	20.3438	1.63	
-8.13751	7.66996	20.4205	1.64	
-8.16819	7.58828	20.4963	1.65	
-8.19854	7.5063	20.5714	1.66	
-8.22856	7.42401	20.6457	1.67	
-8.25826	7.34143	20.7191	1.68	
-8.28763	7.25855	20.7917	1.69	
-8.31666	7.17539	20.8634	1.7	
-8.34536	7.09193	20.9343	1.71	
-8.37373	7.00819	21.0044	1.72	
-8.40176	6.92418	21.0736	1.73	
-8.42946	6.83988	21.142	1.74	
-8.45682	6.75531	21.2096	1.75	
-8.48384	6.67048	21.2763	1.76	
-8.51052	6.58537	21.3422	1.77	
-8.53686	6.5	21.4072	1.78	
-8.56286	6.41437	21.4713	1.79	
-8.58852	6.32849	21.5346	1.8	
-8.61383	6.24235	21.597	1.81	
-8.6388	6.15596	21.6586	1.82	
-8.66343	6.06933	21.7193	1.83	
-8.68771	5.98245	21.7791	1.84	
-8.71163	5.89533	21.838	1.85	
-8.73522	5.80798	21.8961	1.86	
-8.75845	5.7204	21.9533	1.87	
-8.78133	5.63258	22.0097	1.88	
-8.80386	5.54455	22.0651	1.89	
-8.82604	5.45629	22.1197	1.9	
-8.84786	5.36781	22.1733	1.91	
-8.86933	5.27911	22.2261	1.92	
-8.89045	5.19021	22.278	1.93	
-8.91121	5.1011	22.329	1.94	
-8.93162	5.01178	22.3792	1.95	
-8.95166	4.92226	22.4284	1.96	
-8.97135	4.83255	22.4767	1.97	
-8.99068	4.74264	22.5241	1.98	
-9.00965	4.65255	22.5707	1.99	
-9.02826	4.56226	22.6163	2	
-9.04651	4.4718	22.661	2.01	
-9.0644	4.38116	22.7048	2.02	
-9.08192	4.29034	22.7477	2.03	
-9.09909	4.19935	22.7897	2.04	
-9.11588	4.10819	22.8308	2.05	
-9.13232	4.01686	22.871	2.06	
-9.14838	3.92538	22.9102	2.07	
-9.16408	3.83374	22.9485	2.08	
-9.17942	3.74194	22.986	2.09	
-9.19439	3.65	23.0225	2.1	
-9.20899	3.55791	23.058	2.11	
-9.22322	3.46568	23.0927	2.12	
-9.23708	3.37331	23.1264	2.13	
-9.25058	3.2808	23.1592	2.14	
-9.2637	3.18816	23.1911	2.15	
-9.27645	3.0954	23.2221	2.16	
-9.28883	3.00251	23.2521	2.17	
-9.30084	2.9095	23.2812	2.18	
-9.31248	2.81638	23.3094	2.19	
-9.32375	2.72314	23.3366	2.2	
-9.33464	2.62979	23.3629	2.21	
-9.34516	2.53634	23.3883	2.22	
-9.3553	2.44279	23.4127	2.23	
-9.36507	2.34914	23.4362	2.24	
-9.37447	2.25539	23.4587	2.25	
-9.38349	2.16156	23.4803	2.26	
-9.39214	2.06764	23.501	2.27	
-9.40041	1.97363	23.5208	2.28	
-9.4083	1.87955	23.5396	2.29	
-9.41582	1.78539	23.5574	2.3	
-9.42296	1.69116	23.5743	2.31	
-9.42973	1.59687	23.5903	2.32	
-9.43612	1.50251	23.6053	2.33	
-9.44213	1.40808	23.6194	2.34	
-9.44776	1.31361	23.6325	2.35	
-9.45301	1.21908	23.6447	2.36	
-9.45789	1.1245	23.656	2.37	
-9.46239	1.02987	23.6663	2.38	
-9.46651	0.935208	23.6756	2.39	
-9.47025	0.840506	23.684	2.4	
-9.47361	0.74577	23.6915	2.41	
-9.47659	0.651004	23.698	2.42	
-9.4792	0.556212	23.7036	2.43	
-9.48142	0.461398	23.7082	2.44	
-9.48327	0.366565	23.7118	2.45	
-9.48473	0.271718	23.7145	2.46	
-9.48582	0.176859	23.7163	2.47	
-9.48653	0.0819941	23.7171	2.48	
-9.48686	-0.0128744	23.717	2.49	
-9.4868	-0.107742	23.7159	2.5	
-9.48637	-0.202606	23.7139	2.51	
-9.48556	-0.297462	23.7109	2.52	
-9.48437	-0.392306	23.707	2.53	
-9.4828	-0.487134	23.7021	2.54	
-9.48085	-0.581942	23.6963	2.55	
-9.47853	-0.676727	23.6896	2.56	
-9.47582	-0.771486	23.6818	2.57	
-9.47273	-0.866213	23.6732	2.58	
-9.46927	-0.960906	23.6636	2.59	
-9.46543	-1.05556	23.653	2.6	
-9.4612	-1.15017	23.6415	2.61	
-9.4566	-1.24474	23.6291	2.62	
-9.45162	-1.33925	23.6157	2.63	
-9.44627	-1.43372	23.6013	2.64	
-9.44053	-1.52812	23.586	2.65	
-9.43442	-1.62247	23.5698	2.66	
-9.42793	-1.71675	23.5527	2.67	
-9.42106	-1.81096	23.5345	2.68	
-9.41382	-1.90509	23.5155	2.69	
-9.4062	-1.99916	23.4955	2.7	
-9.3982	-2.09314	23.4746	2.71	
-9.38983	-2.18704	23.4527	2.72	
-9.38108	-2.28085	23.4299	2.73	
-9.37196	-2.37457	23.4061	2.74	
-9.36246	-2.46819	23.3815	2.75	
-9.35259	-2.56172	23.3558	2.76	
-9.34234	-2.65514	23.3293	2.77	
-9.33172	-2.74846	23.3018	2.78	
-9.32073	-2.84167	23.2734	2.79	
-9.30936	-2.93476	23.244	2.8	
-9.29762	-3.02774	23.2138	2.81	
-9.28551	-3.12059	23.1826	2.82	
-9.27303	-3.21332	23.1504	2.83	
-9.26017	-3.30592	23.1174	2.84	
-9.24695	-3.39839	23.0834	2.85	
-9.23336	-3.49073	23.0485	2.86	
-9.21939	-3.58292	23.0127	2.87	
-9.20506	-3.67497	22.9759	2.88	
-9.19036	-3.76687	22.9382	2.89	
-9.17529	-3.85863	22.8996	2.9	
-9.15986	-3.95023	22.8601	2.91	
-9.14406	-4.04167	22.8197	2.92	
-9.12789	-4.13294	22.7784	2.93	
-9.11136	-4.22406	22.7362	2.94	
-9.09446	-4.315	22.693	2.95	
-9.0772	-4.40577	22.649	2.96	
-9.05958	-4.49637	22.604	2.97	
-9.0416	-4.58679	22.5581	2.98	
-9.02325	-4.67702	22.5113	2.99	
-9.00454	-4.76706	22.4637	3	
-8.98547	-4.85692	22.4151	3.01	
-8.96604	-4.94658	22.3656	3.02	
-8.94626	-5.03604	22.3153	3.03	
-8.92611	-5.1253	22.264	3.04	
-8.90561	-5.21436	22.2119	3.05	
-8.88475	-5.30321	22.1589	3.06	
-8.86354	-5.39184	22.1049	3.07	
-8.84197	-5.48026	22.0501	3.08	
-8.82005	-5.56846	21.9944	3.09	
-8.79778	-5.65644	21.9379	3.1	
-8.77515	-5.74419	21.8804	3.11	
-8.75218	-5.83171	21.8221	3.12	
-8.72885	-5.919	21.7629	3.13	
-8.70517	-6.00605	21.7029	3.14	
-8.68115	-6.09287	21.6419	3.15	
-8.65678	-6.17943	21.5802	3.16	
-8.63206	-6.26575	21.5175	3.17	
-8.607	-6.35182	21.454	3.18	
-8.58159	-6.43764	21.3896	3.19	
-8.55584	-6.5232	21.3244	3.2	
-8.52975	-6.6085	21.2583	3.21	
-8.50331	-6.69353	21.1913	3.22	
-8.47654	-6.77829	21.1236	3.23	
-8.44943	-6.86279	21.0549	3.24	
-8.42197	-6.94701	20.9855	3.25	
-8.39419	-7.03095	20.9152	3.26	
-8.36606	-7.11461	20.844	3.27	
-8.3376	-7.19799	20.772	3.28	
-8.30881	-7.28107	20.6992	3.29	
-8.27969	-7.36387	20.6256	3.3	
-8.25023	-7.44637	20.5511	3.31	
-8.22045	-7.52858	20.4758	3.32	
-8.19033	-7.61048	20.3997	3.33	
-8.15989	-7.69208	20.3228	3.34	
-8.12912	-7.77337	20.2451	3.35	
-8.09803	-7.85435	20.1665	3.36	
-8.06661	-7.93502	20.0872	3.37	
-8.03487	-8.01537	20.007	3.38	
-8.00281	-8.0954	19.9261	3.39	
-7.97043	-8.1751	19.8443	3.4	
-7.93773	-8.25448	19.7618	3.41	
-7.90471	-8.33352	19.6784	3.42	
-7.87138	-8.41224	19.5943	3.43	
-7.83773	-8.49062	19.5094	3.44	
-7.80376	-8.56865	19.4237	3.45	
-7.76949	-8.64635	19.3373	3.46	
-7.7349	-8.7237	19.25	3.47	
-7.70001	-8.8007	19.162	3.48	
-7.66481	-8.87734	19.0732	3.49	
-7.6293	-8.95364	18.9837	3.5	
-7.59348	-9.02957	18.8934	3.51	
-7.55737	-9.10515	18.8024	3.52	
-7.52094	-9.18036	18.7106	3.53	
-7.48422	-9.2552	18.618	3.54	
-7.4472	-9.32967	18.5247	3.55	
-7.40988	-9.40377	18.4307	3.56	
-7.37227	-9.47749	18.3359	3.57	
-7.33436	-9.55084	18.2404	3.58	
-7.29616	-9.6238	18.1442	3.59	
-7.25766	-9.69637	18.0472	3.6	
-7.21887	-9.76856	17.9495	3.61	
-7.1798	-9.84036	17.8511	3.62	
-7.14044	-9.91176	17.752	3.63	
-7.10079	-9.98277	17.6522	3.64	
-7.06086	-10.0534	17.5516	3.65	
-7.02065	-10.1236	17.4504	3.66	
-6.98015	-10.1934	17.3484	3.67	
-6.93938	-10.2628	17.2458	3.68	
-6.89833	-10.3318	17.1425	3.69	
-6.857	-10.4003	17.0385	3.7	
-6.8154	-10.4685	16.9338	3.71	
-6.77353	-10.5362	16.8285	3.72	
-6.73138	-10.6035	16.7224	3.73	
-6.68897	-10.6704	16.6157	3.74	
-6.64629	-10.7369	16.5083	3.75	
-6.60334	-10.8029	16.4003	3.76	
-6.56013	-10.8685	16.2916	3.77	
-6.51665	-10.9337	16.1823	3.78	
-6.47292	-10.9984	16.0723	3.79	
-6.42892	-11.0627	15.9617	3.8	
-6.38467	-11.1266	15.8504	3.81	
-6.34017	-11.19	15.7385	3.82	
-6.29541	-11.2529	15.626	3.83	
-6.25039	-11.3154	15.5128	3.84	
-6.20513	-11.3775	15.3991	3.85	
-6.15962	-11.4391	15.2847	3.86	
-6.11387	-11.5002	15.1697	3.87	
-6.06787	-11.5609	15.0541	3.88	
-6.02162	-11.6211	14.9378	3.89	
-5.97514	-11.6809	14.821	3.9	
-5.92841	-11.7401	14.7036	3.91	
-5.88145	-11.7989	14.5856	3.92	
-5.83426	-11.8573	14.4671	3.93	
-5.78683	-11.9152	14.3479	3.94	
-5.73917	-11.9726	14.2282	3.95	
-5.69128	-12.0295	14.1079	3.96	
-5.64316	-12.0859	13.987	3.97	
-5.59482	-12.1418	13.8656	3.98	
-5.54625	-12.1973	13.7437	3.99	
-5.49746	-12.2523	13.6211	4	
-5.44845	-12.3068	13.4981	4.01	
-5.39922	-12.3608	13.3745	4.02	
-5.34978	-12.4143	13.2503	4.03	
-5.30012	-12.4673	13.1256	4.04	
-5.25026	-12.5198	13.0004	4.05	
-5.20018	-12.5718	12.8747	4.06	
-5.14989	-12.6233	12.7485	4.07	
-5.0994	-12.6743	12.6217	4.08	
-5.0487	-12.7247	12.4945	4.09	
-4.9978	-12.7747	12.3668	4.1	
-4.9467	-12.8242	12.2385	4.11	
-4.8954	-12.8731	12.1098	4.12	
-4.84391	-12.9216	11.9806	4.13	
-4.79223	-12.9695	11.8509	4.14	
-4.74035	-13.0169	11.7207	4.15	
-4.68828	-13.0638	11.5901	4.16	
-4.63602	-13.1101	11.459	4.17	
-4.58358	-13.156	11.3274	4.18	
-4.53096	-13.2013	11.1954	4.19	
-4.47816	-13.2461	11.0629	4.2	
-4.42517	-13.2903	10.93	4.21	
-4.37201	-13.334	10.7967	4.22	
-4.31867	-13.3772	10.6629	4.23	
-4.26516	-13.4199	10.5287	4.24	
-4.21148	-13.462	10.3941	4.25	
-4.15764	-13.5036	10.2591	4.26	
-4.10362	-13.5446	10.1236	4.27	
-4.04944	-13.5851	9.98776	4.28	
-3.9951	-13.6251	9.85151	4.29	
-3.9406	-13.6645	9.71486	4.3	
-3.88595	-13.7033	9.57783	4.31	
-3.83113	-13.7416	9.44041	4.32	
-3.77617	-13.7794	9.30262	4.33	
-3.72105	-13.8166	9.16445	4.34	
-3.66578	-13.8533	9.02592	4.35	
-3.61037	-13.8894	8.88703	4.36	
-3.55481	-13.9249	8.74778	4.37	
-3.49911	-13.9599	8.60818	4.38	
-3.44327	-13.9943	8.46824	4.39	
-3.38729	-14.0282	8.32795	4.4	
-3.33118	-14.0615	8.18734	4.41	
-3.27494	-14.0943	8.0464	4.42	
-3.21856	-14.1265	7.90513	4.43	
-3.16205	-14.1581	7.76355	4.44	
-3.10542	-14.1891	7.62166	4.45	
-3.04866	-14.2196	7.47946	4.46	
-2.99179	-14.2495	7.33697	4.47	
-2.93479	-14.2789	7.19418	4.48	
-2.87767	-14.3077	7.0511	4.49	
-2.82044	-14.3359	6.90774	4.5	
-2.7631	-14.3635	6.76411	4.51	
-2.70564	-14.3906	6.6202	4.52	
-2.64808	-14.417	6.47603	4.53	
-2.59041	-14.4429	6.3316	4.54	
-2.53264	-14.4683	6.18692	4.55	
-2.47477	-14.493	6.04199	4.56	
-2.4168	-14.5172	5.89682	4.57	
-2.35873	-14.5408	5.75141	4.58	
-2.30056	-14.5638	5.60577	4.59	
-2.24231	-14.5862	5.45991	4.6	
-2.18396	-14.608	5.31383	4.61	
-2.12553	-14.6293	5.16754	4.62	
-2.06702	-14.65	5.02104	4.63	
-2.00842	-14.67	4.87434	4.64	
-1.94974	-14.6895	4.72744	4.65	
-1.89098	-14.7085	4.58036	4.66	
-1.83214	-14.7268	4.43309	4.67	
-1.77324	-14.7445	4.28564	4.68	
-1.71426	-14.7617	4.13803	4.69	
-1.65521	-14.7782	3.99025	4.7	
-1.5961	-14.7942	3.8423	4.71	
-1.53692	-14.8095	3.69421	4.72	
-1.47768	-14.8243	3.54597	4.73	
-1.41839	-14.8385	3.39758	4.74	
-1.35903	-14.8521	3.24906	4.75	
-1.29962	-14.8651	3.10041	4.76	
-1.24016	-14.8775	2.95163	4.77	
-1.18065	-14.8893	2.80274	4.78	
-1.1211	-14.9005	2.65374	4.79	
-1.06149	-14.9111	2.50463	4.8	
-1.00185	-14.9211	2.35541	4.81	
-0.942166	-14.9306	2.20611	4.82	
-0.882444	-14.9394	2.05672	4.83	
-0.822686	-14.9476	1.90724	4.84	
-0.762896	-14.9552	1.75769	4.85	
-0.703075	-14.9623	1.60806	4.86	
-0.643226	-14.9687	1.45838	4.87	
-0.583351	-14.9745	1.30863	4.88	
-0.523453	-14.9798	1.15883	4.89	
-0.463534	-14.9844	1.00899	4.9	
-0.403596	-14.9884	0.859106	4.91	
-0.343642	-14.9919	0.709187	4.92	
-0.283675	-14.9947	0.55924	4.93	
-0.223696	-14.9969	0.40927	4.94	
-0.163708	-14.9986	0.259284	4.95	
-0.103714	-14.9996	0.109288	4.96	
-0.0437153	-15.0001	-0.0407124	4.97	
0.016285	-14.9999	-0.190711	4.98	
0.0762846	-14.9991	-0.340703	4.99	
0.136281	-14.9978	-0.49068	5	
0.196272	-14.9958	-0.640639	5.01	
0.256255	-14.9932	-0.790571	5.02	
0.316228	-14.9901	-0.940472	5.03	
0.376189	-14.9863	-1.09034	5.04	
0.436134	-14.982	-1.24015	5.05	
0.496062	-14.977	-1.38992	5.06	
0.55597	-14.9714	-1.53964	5.07	
0.615856	-14.9653	-1.68929	5.08	
0.675717	-14.9585	-1.83888	5.09	
0.735551	-14.9512	-1.98839	5.1	
0.795356	-14.9432	-2.13782	5.11	
0.855128	-14.9347	-2.28717	5.12	
0.914867	-14.9255	-2.43642	5.13	
0.974569	-14.9158	-2.58558	5.14	
1.03423	-14.9054	-2.73463	5.15	
1.09385	-14.8945	-2.88358	5.16	
1.15343	-14.883	-3.03241	5.17	
1.21296	-14.8708	-3.18112	5.18	
1.27245	-14.8581	-3.3297	5.19	
1.33188	-14.8448	-3.47815	5.2	
1.39126	-14.8309	-3.62645	5.21	
1.45058	-14.8164	-3.77462	5.22	
1.50985	-14.8013	-3.92263	5.23	
1.56905	-14.7856	-4.07049	5.24	
1.62819	-14.7693	-4.21818	5.25	
1.68727	-14.7524	-4.3657	5.26	
1.74628	-14.735	-4.51305	5.27	
1.80522	-14.7169	-4.66022	5.28	
1.86409	-14.6983	-4.80721	5.29	
1.92288	-14.679	-4.954	5.3	
1.9816	-14.6592	-5.10059	5.31	
2.04024	-14.6388	-5.24698	5.32	
2.09879	-14.6178	-5.39315	5.33	
2.15726	-14.5963	-5.53912	5.34	
2.21565	-14.5741	-5.68486	5.35	
2.27394	-14.5514	-5.83037	5.36	
2.33215	-14.528	-5.97565	5.37	
2.39026	-14.5041	-6.12069	5.38	
2.44828	-14.4797	-6.26549	5.39	
2.5062	-14.4546	-6.41004	5.4	
2.56401	-14.429	-6.55432	5.41	
2.62173	-14.4027	-6.69835	5.42	
2.67934	-14.3759	-6.84211	5.43	
2.73684	-14.3486	-6.9856	5.44	
2.79424	-14.3206	-7.1288	5.45	
2.85152	-14.2921	-7.27172	5.46	
2.90869	-14.263	-7.41436	5.47	
2.96574	-14.2334	-7.55669	5.48	
3.02268	-14.2031	-7.69872	5.49	
3.07949	-14.1723	-7.84044	5.5	
3.13618	-14.141	-7.98185	5.51	
3.19274	-14.1091	-8.12294	5.52	
3.24918	-14.0766	-8.26371	5.53	
3.30548	-14.0435	-8.40414	5.54	
3.36166	-14.0099	-8.54424	5.55	
3.4177	-13.9757	-8.684	5.56	
3.4736	-13.941	-8.82341	5.57	
3.52936	-13.9057	-8.96247	5.58	
3.58499	-13.8698	-9.10117	5.59	
3.64047	-13.8334	-9.2395	5.6	
3.6958	-13.7965	-9.37747	5.61	
3.75099	-13.759	-9.51505	5.62	
3.80602	-13.7209	-9.65226	5.63	
3.86091	-13.6823	-9.78909	5.64	
3.91563	-13.6431	-9.92552	5.65	
3.97021	-13.6034	-10.0616	5.66	
4.02462	-13.5632	-10.1972	5.67	
4.07887	-13.5224	-10.3324	5.68	
4.13296	-13.4811	-10.4672	5.69	
4.18689	-13.4392	-10.6016	5.7	
4.24064	-13.3968	-10.7356	5.71	
4.29423	-13.3539	-10.8691	5.72	
4.34765	-13.3104	-11.0022	5.73	
4.40089	-13.2664	-11.1349	5.74	
4.45395	-13.2218	-11.2671	5.75	
4.50684	-13.1768	-11.3989	5.76	
4.55955	-13.1312	-11.5302	5.77	
4.61207	-13.085	-11.661	5.78	
4.66441	-13.0384	-11.7914	5.79	
4.71657	-12.9912	-11.9213	5.8	
4.76853	-12.9436	-12.0508	5.81	
4.82031	-12.8953	-12.1797	5.82	
4.87189	-12.8466	-12.3082	5.83	
4.92327	-12.7974	-12.4362	5.84	
4.97446	-12.7477	-12.5636	5.85	
5.02545	-12.6974	-12.6906	5.86	
5.07624	-12.6466	-12.8171	5.87	
5.12683	-12.5954	-12.943	5.88	
5.17721	-12.5436	-13.0685	5.89	
5.22739	-12.4913	-13.1934	5.9	
5.27735	-12.4385	-13.3178	5.91	
5.32711	-12.3853	-13.4416	5.92	
5.37665	-12.3315	-13.5649	5.93	
5.42597	-12.2773	-13.6877	5.94	
5.47508	-12.2225	-13.8099	5.95	
5.52397	-12.1673	-13.9316	5.96	
5.57264	-12.1115	-14.0527	5.97	
5.62109	-12.0553	-14.1733	5.98	
5.66931	-11.9986	-14.2933	5.99	
5.7173	-11.9415	-14.4127	6	
5.76507	-11.8838	-14.5315	6.01	
5.8126	-11.8257	-14.6498	6.02	
5.85991	-11.7671	-14.7674	6.03	
5.90698	-11.708	-14.8845	6.04	
5.95381	-11.6485	-15.001	6.05	
6.0004	-11.5885	-15.1169	6.06	
6.04675	-11.528	-15.2322	6.07	
6.09287	-11.4671	-15.3468	6.08	
6.13874	-11.4057	-15.4609	6.09	
6.18436	-11.3438	-15.5743	6.1	
6.22973	-11.2815	-15.6871	6.11	
6.27486	-11.2188	-15.7993	6.12	
6.31973	-11.1556	-15.9109	6.13	
6.36436	-11.092	-16.0218	6.14	
6.40872	-11.0279	-16.1321	6.15	
6.45284	-10.9633	-16.2417	6.16	
6.49669	-10.8984	-16.3507	6.17	
6.54028	-10.833	-16.459	6.18	
6.58362	-10.7671	-16.5667	6.19	
6.62668	-10.7009	-16.6737	6.2	
6.66949	-10.6342	-16.7801	6.21	
6.71202	-10.5671	-16.8857	6.22	
6.75429	-10.4995	-16.9907	6.23	
6.79629	-10.4315	-17.095	6.24	
6.83802	-10.3632	-17.1987	6.25	
6.87947	-10.2944	-17.3016	6.26	
6.92065	-10.2252	-17.4039	6.27	
6.96155	-10.1555	-17.5054	6.28	
7.00217	-10.0855	-17.6063	6.29	
7.04251	-10.0151	-17.7064	6.3	
7.08257	-9.94428	-17.8059	6.31	
7.12235	-9.87305	-17.9046	6.32	
7.16184	-9.80143	-18.0026	6.33	
7.20105	-9.72942	-18.0999	6.34	
7.23996	-9.65702	-18.1965	6.35	
7.27859	-9.58424	-18.2923	6.36	
7.31693	-9.51107	-18.3874	6.37	
7.35497	-9.43752	-18.4818	6.38	
7.39272	-9.36359	-18.5754	6.39	
7.43018	-9.28929	-18.6683	6.4	
7.46734	-9.21462	-18.7605	6.41	
7.50419	-9.13958	-18.8519	6.42	
7.54075	-9.06417	-18.9425	6.43	
7.57701	-8.9884	-19.0324	6.44	
7.61296	-8.91227	-19.1215	6.45	
7.64861	-8.83578	-19.2099	6.46	
7.68395	-8.75894	-19.2975	6.47	
7.71899	-8.68175	-19.3843	6.48	
7.75372	-8.60422	-19.4703	6.49	
7.78813	-8.52633	-19.5556	6.5	
7.82224	-8.44811	-19.6401	6.51	
7.85603	-8.36955	-19.7238	6.52	
7.88951	-8.29066	-19.8067	6.53	
7.92267	-8.21143	-19.8888	6.54	
7.95552	-8.13187	-19.9701	6.55	
7.98805	-8.05199	-20.0506	6.56	
8.02025	-7.97179	-20.1304	6.57	
8.05214	-7.89127	-20.2093	6.58	
8.08371	-7.81043	-20.2874	6.59	
8.11495	-7.72928	-20.3647	6.6	
8.14587	-7.64782	-20.4411	6.61	
8.17646	-7.56606	-20.5168	6.62	
8.20672	-7.48399	-20.5916	6.63	
8.23666	-7.40163	-20.6657	6.64	
8.26626	-7.31896	-20.7388	6.65	
8.29554	-7.23601	-20.8112	6.66	
8.32448	-7.15276	-20.8827	6.67	
8.35309	-7.06923	-20.9534	6.68	
8.38137	-6.98542	-21.0233	6.69	
8.40931	-6.90133	-21.0923	6.7	
8.43692	-6.81696	-21.1605	6.71	
8.46419	-6.73231	-21.2278	6.72	
8.49112	-6.6474	-21.2943	6.73	
8.5177	-6.56223	-21.3599	6.74	
8.54395	-6.47679	-21.4247	6.75	
8.56986	-6.39109	-21.4886	6.76	
8.59543	-6.30513	-21.5516	6.77	
8.62065	-6.21893	-21.6138	6.78	
8.64552	-6.13247	-21.6751	6.79	
8.67005	-6.04577	-21.7356	6.8	
8.69423	-5.95883	-21.7952	6.81	
8.71807	-5.87165	-21.8539	6.82	
8.74156	-5.78423	-21.9117	6.83	
8.76469	-5.69659	-21.9687	6.84	
8.78748	-5.60871	-22.0248	6.85	
8.80991	-5.52061	-22.08	6.86	
8.832	-5.43229	-22.1343	6.87	
8.85373	-5.34376	-22.1878	6.88	
8.8751	-5.255	-22.2403	6.89	
8.89612	-5.16604	-22.292	6.9	
8.91679	-5.07687	-22.3427	6.91	
8.93709	-4.9875	-22.3926	6.92	
8.95704	-4.89793	-22.4416	6.93	
8.97663	-4.80817	-22.4897	6.94	
8.99587	-4.71821	-22.5368	6.95	
9.01474	-4.62806	-22.5831	6.96	
9.03325	-4.53773	-22.6285	6.97	
9.0514	-4.44721	-22.673	6.98	
9.06919	-4.35652	-22.7165	6.99	
9.08662	-4.26566	-22.7592	7	
9.10368	-4.17462	-22.8009	7.01	
9.12038	-4.08342	-22.8418	7.02	
9.13671	-3.99205	-22.8817	7.03	
9.15268	-3.90052	-22.9207	7.04	
9.16828	-3.80884	-22.9588	7.05	
9.18352	-3.717	-22.996	7.06	
9.19839	-3.62502	-23.0322	7.07	
9.21289	-3.53289	-23.0675	7.08	
9.22702	-3.44062	-23.102	7.09	
9.24078	-3.34821	-23.1354	7.1	
9.25417	-3.25567	-23.168	7.11	
9.2672	-3.163	-23.1996	7.12	
9.27985	-3.0702	-23.2303	7.13	
9.29213	-2.97728	-23.2601	7.14	
9.30404	-2.88424	-23.2889	7.15	
9.31558	-2.79108	-23.3168	7.16	
9.32674	-2.69782	-23.3438	7.17	
9.33753	-2.60444	-23.3699	7.18	
9.34795	-2.51096	-23.395	7.19	
9.35799	-2.41738	-23.4192	7.2	
9.36766	-2.3237	-23.4424	7.21	
9.37696	-2.22994	-23.4647	7.22	
9.38588	-2.13608	-23.4861	7.23	
9.39442	-2.04213	-23.5065	7.24	
9.40259	-1.94811	-23.526	7.25	
9.41038	-1.854	-23.5445	7.26	
9.4178	-1.75982	-23.5621	7.27	
9.42484	-1.66558	-23.5787	7.28	
9.4315	-1.57126	-23.5945	7.29	
9.43778	-1.47688	-23.6092	7.3	
9.44369	-1.38245	-23.6231	7.31	
9.44922	-1.28795	-23.6359	7.32	
9.45437	-1.19341	-23.6479	7.33	
9.45915	-1.09882	-23.6589	7.34	
9.46354	-1.00418	-23.6689	7.35	
9.46756	-0.909508	-23.678	7.36	
9.4712	-0.814796	-23.6861	7.37	
9.47446	-0.720052	-23.6933	7.38	
9.47734	-0.625278	-23.6996	7.39	
9.47984	-0.53048	-23.7049	7.4	
9.48196	-0.43566	-23.7093	7.41	
9.4837	-0.340823	-23.7127	7.42	
9.48507	-0.245973	-23.7151	7.43	
9.48605	-0.151112	-23.7166	7.44	
9.48665	-0.0562456	-23.7172	7.45	
9.48688	0.0386232	-23.7168	7.46	
9.48672	0.13349	-23.7155	7.47	
9.48619	0.228352	-23.7132	7.48	
9.48528	0.323205	-23.71	7.49	
9.48398	0.418045	-23.7058	7.5	
9.48231	0.512868	-23.7007	7.51	
9.48026	0.607671	-23.6946	7.52	
9.47783	0.702449	-23.6875	7.53	
9.47502	0.797199	-23.6796	7.54	
9.47183	0.891917	-23.6707	7.55	
9.46826	0.9866	-23.6608	7.56	
9.46432	1.08124	-23.65	7.57	
9.45999	1.17584	-23.6382	7.58	
9.45529	1.2704	-23.6255	7.59	
9.45021	1.3649	-23.6119	7.6	
9.44475	1.45935	-23.5973	7.61	
9.43891	1.55373	-23.5817	7.62	
9.4327	1.64806	-23.5653	7.63	
9.4261	1.74232	-23.5478	7.64	
9.41913	1.83651	-23.5295	7.65	
9.41179	1.93063	-23.5102	7.66	
9.40407	2.02467	-23.4899	7.67	
9.39597	2.11863	-23.4687	7.68	
9.38749	2.21251	-23.4466	7.69	
9.37864	2.30629	-23.4235	7.7	
9.36942	2.39999	-23.3995	7.71	
9.35982	2.49359	-23.3746	7.72	
9.34984	2.58708	-23.3487	7.73	
9.33949	2.68048	-23.3219	7.74	
9.32877	2.77377	-23.2942	7.75	
9.31768	2.86694	-23.2655	7.76	
9.30621	2.96001	-23.2359	7.77	
9.29437	3.05295	-23.2054	7.78	
9.28216	3.14577	-23.1739	7.79	
9.26957	3.23847	-23.1416	7.8	
9.25662	3.33103	-23.1082	7.81	
9.2433	3.42347	-23.074	7.82	
9.2296	3.51576	-23.0388	7.83	
9.21554	3.60792	-23.0028	7.84	
9.20111	3.69993	-22.9658	7.85	
9.18631	3.79179	-22.9279	7.86	
9.17114	3.8835	-22.889	7.87	
9.15561	3.97506	-22.8493	7.88	
9.13971	4.06646	-22.8086	7.89	
9.12344	4.15769	-22.767	7.9	
9.10681	4.24876	-22.7245	7.91	
9.08982	4.33966	-22.6811	7.92	
9.07246	4.43038	-22.6368	7.93	
9.05473	4.52093	-22.5916	7.94	
9.03665	4.6113	-22.5455	7.95	
9.01821	4.70148	-22.4985	7.96	
8.9994	4.79147	-22.4506	7.97	
8.98023	4.88127	-22.4018	7.98	
8.96071	4.97088	-22.3521	7.99	
8.94083	5.06029	-22.3015	8	
8.92058	5.14949	-22.25	8.01	
8.89999	5.23849	-22.1976	8.02	
8.87903	5.32729	-22.1443	8.03	
8.85772	5.41586	-22.0901	8.04	
8.83606	5.50422	-22.0351	8.05	
8.81404	5.59236	-21.9792	8.06	
8.79167	5.68028	-21.9224	8.07	
8.76895	5.76797	-21.8647	8.08	
8.74588	5.85543	-21.8061	8.09	
8.72246	5.94265	-21.7467	8.1	
8.69869	6.02964	-21.6864	8.11	
8.67457	6.11639	-21.6253	8.12	
8.6501	6.20289	-21.5632	8.13	
8.62529	6.28914	-21.5003	8.14	
8.60014	6.37514	-21.4366	8.15	
8.57464	6.46089	-21.372	8.16	
8.54879	6.54638	-21.3065	8.17	
8.52261	6.6316	-21.2402	8.18	
8.49608	6.71656	-21.173	8.19	
8.46921	6.80125	-21.105	8.2	
8.44201	6.88567	-21.0362	8.21	
8.41447	6.96982	-20.9665	8.22	
8.38659	7.05368	-20.8959	8.23	
8.35837	7.13727	-20.8246	8.24	
8.32982	7.22057	-20.7524	8.25	
8.30094	7.30358	-20.6793	8.26	
8.27173	7.38629	-20.6055	8.27	
8.24218	7.46872	-20.5308	8.28	
8.21231	7.55084	-20.4553	8.29	
8.1821	7.63266	-20.3789	8.3	
8.15157	7.71418	-20.3018	8.31	
8.12072	7.79538	-20.2238	8.32	
8.08953	7.87628	-20.1451	8.33	
8.05803	7.95686	-20.0655	8.34	
8.0262	8.03712	-19.9851	8.35	
7.99405	8.11706	-19.904	8.36	
7.96158	8.19668	-19.822	8.37	
7.9288	8.27596	-19.7392	8.38	
7.89569	8.35492	-19.6557	8.39	
7.86227	8.43354	-19.5714	8.4	
7.82854	8.51183	-19.4862	8.41	
7.79449	8.58977	-19.4003	8.42	
7.76013	8.66738	-19.3137	8.43	
7.72546	8.74463	-19.2262	8.44	
7.69049	8.82154	-19.138	8.45	
7.6552	8.89809	-19.049	8.46	
7.61961	8.97428	-18.9593	8.47	
7.58371	9.05012	-18.8688	8.48	
7.54751	9.1256	-18.7775	8.49	
7.51101	9.20071	-18.6855	8.5	
7.4742	9.27545	-18.5928	8.51	
7.4371	9.34982	-18.4993	8.52	
7.3997	9.42382	-18.405	8.53	
7.36201	9.49744	-18.31	8.54	
7.32402	9.57068	-18.2143	8.55	
7.28574	9.64353	-18.1179	8.56	
7.24716	9.716	-18.0207	8.57	
7.2083	9.78809	-17.9229	8.58	
7.16915	9.85978	-17.8243	8.59	
7.12971	9.93108	-17.725	8.6	
7.08998	10.002	-17.6249	8.61	
7.04997	10.0725	-17.5242	8.62	
7.00968	10.1426	-17.4228	8.63	
6.96911	10.2123	-17.3207	8.64	
6.92826	10.2815	-17.2178	8.65	
6.88714	10.3504	-17.1143	8.66	
6.84574	10.4189	-17.0102	8.67	
6.80406	10.4869	-16.9053	8.68	
6.76211	10.5545	-16.7997	8.69	
6.7199	10.6217	-16.6935	8.7	
6.67741	10.6885	-16.5866	8.71	
6.63465	10.7549	-16.4791	8.72	
6.59164	10.8208	-16.3709	8.73	
6.54835	10.8863	-16.262	8.74	
6.50481	10.9513	-16.1525	8.75	
6.461	11.0159	-16.0423	8.76	
6.41694	11.0801	-15.9315	8.77	
6.37262	11.1438	-15.8201	8.78	
6.32804	11.2071	-15.708	8.79	
6.28321	11.2699	-15.5953	8.8	
6.23813	11.3323	-15.482	8.81	
6.19281	11.3942	-15.3681	8.82	
6.14723	11.4557	-15.2535	8.83	
6.10141	11.5167	-15.1383	8.84	
6.05534	11.5773	-15.0226	8.85	
6.00903	11.6374	-14.9062	8.86	
5.96248	11.697	-14.7892	8.87	
5.91569	11.7561	-14.6717	8.88	
5.86867	11.8148	-14.5535	8.89	
5.82141	11.873	-14.4348	8.9	
5.77392	11.9308	-14.3155	8.91	
5.72619	11.988	-14.1956	8.92	
5.67824	12.0448	-14.0752	8.93	
5.63006	12.1011	-13.9541	8.94	
5.58166	12.1569	-13.8326	8.95	
5.53303	12.2123	-13.7105	8.96	
5.48418	12.2671	-13.5878	8.97	
5.43511	12.3215	-13.4646	8.98	
5.38583	12.3753	-13.3408	8.99	
5.33632	12.4287	-13.2165	9	
5.28661	12.4816	-13.0917	9.01	
5.23668	12.5339	-12.9664	9.02	
5.18655	12.5858	-12.8405	9.03	
5.1362	12.6372	-12.7141	9.04	
5.08566	12.688	-12.5873	9.05	
5.0349	12.7384	-12.4599	9.06	
4.98395	12.7882	-12.332	9.07	
4.9328	12.8375	-12.2036	9.08	
4.88145	12.8863	-12.0748	9.09	
4.8299	12.9346	-11.9454	9.1	
4.77816	12.9824	-11.8156	9.11	
4.72623	13.0297	-11.6853	9.12	
4.67412	13.0764	-11.5545	9.13	
4.62181	13.1226	-11.4233	9.14	
4.56932	13.1683	-11.2916	9.15	
4.51665	13.2135	-11.1595	9.16	
4.46379	13.2581	-11.0269	9.17	
4.41076	13.3022	-10.8939	9.18	
4.35755	13.3458	-10.7604	9.19	
4.30417	13.3889	-10.6265	9.2	
4.25061	13.4314	-10.4922	9.21	
4.19689	13.4733	-10.3575	9.22	
4.14299	13.5148	-10.2223	9.23	
4.08893	13.5557	-10.0868	9.24	
4.03471	13.596	-9.95082	9.25	
3.98033	13.6358	-9.81446	9.26	
3.92578	13.6751	-9.67771	9.27	
3.87108	13.7138	-9.54057	9.28	
3.81623	13.7519	-9.40305	9.29	
3.76122	13.7896	-9.26516	9.3	
3.70606	13.8266	-9.12689	9.31	
3.65076	13.8631	-8.98826	9.32	
3.5953	13.8991	-8.84927	9.33	
3.53971	13.9345	-8.70992	9.34	
3.48397	13.9693	-8.57023	9.35	
3.42809	14.0036	-8.43019	9.36	
3.37208	14.0373	-8.28982	9.37	
3.31593	14.0705	-8.14912	9.38	
3.25965	14.1031	-8.00809	9.39	
3.20323	14.1351	-7.86674	9.4	
3.14669	14.1666	-7.72507	9.41	
3.09003	14.1975	-7.5831	9.42	
3.03324	14.2278	-7.44082	9.43	
2.97633	14.2576	-7.29824	9.44	
2.9193	14.2868	-7.15537	9.45	
2.86215	14.3154	-7.01222	9.46	
2.80489	14.3434	-6.86879	9.47	
2.74751	14.3709	-6.72508	9.48	
2.69003	14.3978	-6.5811	9.49	
2.63244	14.4241	-6.43686	9.5	
2.57474	14.4499	-6.29236	9.51	
2.51694	14.475	-6.14761	9.52	
2.45904	14.4996	-6.00261	9.53	
2.40104	14.5236	-5.85738	9.54	
2.34295	14.5471	-5.71191	9.55	
2.28476	14.5699	-5.56621	9.56	
2.22648	14.5922	-5.42028	9.57	
2.16811	14.6139	-5.27415	9.58	
2.10966	14.635	-5.1278	9.59	
2.05112	14.6555	-4.98124	9.6	
1.9925	14.6754	-4.83449	9.61	
1.93379	14.6947	-4.68754	9.62	
1.87502	14.7135	-4.5404	9.63	
1.81616	14.7316	-4.39309	9.64	
1.75724	14.7492	-4.2456	9.65	
1.69824	14.7662	-4.09793	9.66	
1.63917	14.7826	-3.95011	9.67	
1.58004	14.7984	-3.80212	9.68	
1.52085	14.8136	-3.65399	9.69	
1.4616	14.8282	-3.50571	9.7	
1.40228	14.8422	-3.35728	9.71	
1.34291	14.8557	-3.20873	9.72	
1.28349	14.8685	-3.06004	9.73	
1.22402	14.8807	-2.91123	9.74	
1.16449	14.8924	-2.76231	9.75	
1.10492	14.9034	-2.61328	9.76	
1.04531	14.9139	-2.46414	9.77	
0.985655	14.9237	-2.3149	9.78	
0.92596	14.933	-2.16557	9.79	
0.866228	14.9417	-2.01615	9.8	
0.806461	14.9497	-1.86666	9.81	
0.746662	14.9572	-1.71708	9.82	
0.686833	14.9641	-1.56744	9.83	
0.626977	14.9703	-1.41774	9.84	
0.567096	14.976	-1.26798	9.85	
0.507192	14.9811	-1.11817	9.86	
0.447267	14.9856	-0.968313	9.87	
0.387325	14.9894	-0.818419	9.88	
0.327367	14.9927	-0.668492	9.89	
0.267397	14.9954	-0.518538	9.9	
0.207415	14.9975	-0.368563	9.91	
0.147425	14.9989	-0.218574	9.92	
0.0874296	14.9998	-0.068576	9.93	
0.0274304	15.0001	0.0814248	9.94	
-0.0325699	14.9997	0.231422	9.95	
-0.0925689	14.9988	0.38141	9.96	
-0.152564	14.9973	0.531383	9.97	
-0.212553	14.9952	0.681335	9.98	
-0.272534	14.9924	0.83126	9.99	
